{
  "advancedEditorSelectedIdentifier" : "ProjectBrowser",
  "openSceneRelativePaths" : [
    "Immersive.usda",
    "airplane.usda"
  ],
  "recentIdentifiers" : {
    "1D572CEB-057A-41C3-B575-04C37501A3C0" : [

    ]
  },
  "sceneCameraHistory" : {
    "1D572CEB-057A-41C3-B575-04C37501A3C0" : [
      {
        "date" : 714704835.594892,
        "title" : "Untitled",
        "transform" : [
          1,
          0,
          0,
          0,
          0,
          0.8660258,
          -0.4999993,
          0,
          0,
          0.4999993,
          0.8660258,
          0,
          0.263852,
          2.2155716,
          -1.1185364,
          1
        ]
      },
      {
        "date" : 714704833.495762,
        "title" : "Untitled",
        "transform" : [
          1,
          0,
          0,
          0,
          0,
          0.8660258,
          -0.4999993,
          0,
          0,
          0.4999993,
          0.8660258,
          0,
          0.051211715,
          2.304738,
          -1.1700165,
          1
        ]
      },
      {
        "date" : 714701965.852185,
        "title" : "Untitled",
        "transform" : [
          1,
          0,
          0,
          0,
          0,
          0.8660258,
          -0.4999993,
          0,
          0,
          0.4999993,
          0.8660258,
          0,
          -0.2599151,
          2.1554797,
          -1.0838424,
          1
        ]
      },
      {
        "date" : 714701378.129545,
        "title" : "Untitled",
        "transform" : [
          1,
          0,
          -0,
          0,
          -0,
          0.8660258,
          -0.4999993,
          0,
          0,
          0.4999993,
          0.8660258,
          0,
          -0.546597,
          2.287387,
          -1.2147945,
          1
        ]
      },
      {
        "date" : 714701376.05621,
        "title" : "Untitled",
        "transform" : [
          1,
          0,
          -0,
          0,
          -0,
          0.8660258,
          -0.4999993,
          0,
          0,
          0.4999993,
          0.8660258,
          0,
          0.453403,
          2.2873871,
          -1.2147944,
          1
        ]
      },
      {
        "date" : 714701339.651738,
        "title" : "Untitled",
        "transform" : [
          1,
          0,
          -0,
          0,
          -0,
          0.8660258,
          -0.4999993,
          0,
          0,
          0.4999993,
          0.8660258,
          0,
          0.45340306,
          0.7873864,
          -1.214795,
          1
        ]
      },
      {
        "date" : 714698914.631634,
        "title" : "Untitled",
        "transform" : [
          1,
          0,
          -0,
          0,
          -0,
          0.8660258,
          -0.4999993,
          0,
          0,
          0.4999993,
          0.8660258,
          0,
          -0.046597004,
          2.8398137,
          -1.1239893,
          1
        ]
      },
      {
        "date" : 714698872.418743,
        "title" : "Untitled",
        "transform" : [
          1,
          0,
          -0,
          0,
          -0,
          0.8660258,
          -0.4999993,
          0,
          0,
          0.4999993,
          0.8660258,
          0,
          0.45340294,
          2.787387,
          -1.2147946,
          1
        ]
      },
      {
        "date" : 714698515.518742,
        "title" : "Untitled",
        "transform" : [
          1,
          0,
          0,
          0,
          0,
          0.8660258,
          -0.4999993,
          0,
          0,
          0.4999993,
          0.8660258,
          0,
          -0.05474,
          1.6496869,
          1.1719747,
          1
        ]
      },
      {
        "date" : 714698504.928217,
        "title" : "Untitled",
        "transform" : [
          1,
          0,
          0,
          0,
          0,
          0.8660258,
          -0.4999993,
          0,
          0,
          0.4999993,
          0.8660258,
          0,
          0,
          2.7668045,
          3.3988342,
          1
        ]
      }
    ],
    "DC9185BD-DA94-4891-8B88-210B0563B21A" : [
      {
        "date" : 714705110.932375,
        "title" : "Untitled",
        "transform" : [
          0.99999994,
          0,
          -0,
          0,
          -0,
          0.8660254,
          -0.49999988,
          0,
          0,
          0.49999988,
          0.8660254,
          0,
          -0.00032779574,
          1.3673372,
          -0.89303386,
          1
        ]
      },
      {
        "date" : 714705108.023387,
        "title" : "Untitled",
        "transform" : [
          0.99999994,
          0,
          0,
          0,
          0,
          0.8660254,
          -0.49999988,
          0,
          0,
          0.49999988,
          0.8660254,
          0,
          0.2776162,
          1.6988143,
          -0.20932233,
          1
        ]
      },
      {
        "date" : 714705080.635551,
        "title" : "Untitled",
        "transform" : [
          0.99999994,
          0,
          0,
          0,
          0,
          0.8660254,
          -0.49999988,
          0,
          0,
          0.49999988,
          0.8660254,
          0,
          0.2776162,
          1.2470732,
          -0.9917631,
          1
        ]
      },
      {
        "date" : 714705078.133306,
        "title" : "Untitled",
        "transform" : [
          0.99999994,
          0,
          -0,
          0,
          -0,
          0.8660254,
          -0.49999988,
          0,
          0,
          0.49999988,
          0.8660254,
          0,
          0.49967223,
          1.1468643,
          -1.2749041,
          1
        ]
      },
      {
        "date" : 714705074.447582,
        "title" : "Untitled",
        "transform" : [
          0.99999994,
          0,
          0,
          0,
          0,
          0.8660254,
          -0.49999988,
          0,
          0,
          0.49999988,
          0.8660254,
          0,
          -0.15229464,
          1.9534009,
          1.6970254,
          1
        ]
      },
      {
        "date" : 714705034.192691,
        "title" : "Untitled",
        "transform" : [
          0.99999994,
          0,
          -0,
          0,
          -0,
          0.8660254,
          -0.49999988,
          0,
          0,
          0.49999988,
          0.8660254,
          0,
          0,
          0.2295669,
          0.39762157,
          1
        ]
      }
    ]
  },
  "selectedSceneRelativePath" : "airplane.usda"
}